*** DO NOT EDIT THIS FILE - IT IS FORMATTED FOR INPUT ***
+++ Reactions, Amplitudes, and Scale Parameters +++
  1
  dalitz	2
  dalitz::s1::R12	-	1
  dalitz::s1::R13	-	1
+++ Likelihood Total and Partial Sums +++
  -46057.813277026
  dalitz	-46057.813277026
+++ Fitter Information +++
  lastMinuitCommand	1
  lastMinuitCommandStatus	0
  eMatrixStatus	3
  minuitPrecision	1e-13
  minuitStrategy	1
  estDistToMinimum	1.54049789623864e-06
  bestMinimum	-46057.813277026
+++ Parameter Values and Errors +++
  8
  dalitz::s1::R12_re	31.257079637294
  dalitz::s1::R12_im	-0.514310152274571
  dalitz::s1::R13_re	29.7616473942968
  dalitz::s1::R13_im	0
  M12	0.996915262935024
  G12	0.201943927801157
  M13	1.49793984614443
  G13	0.141211495906999
  0.822333825840422	  0.0199407102340186	  -0.108480609696127	  0	  -0.000181542563796234	  0.00677766474509094	  -0.00041898369894426	  -0.00035854152201553	
  0.0199407102340186	  4.44382980346452	  0.3037019351948	  0	  0.00364101577413841	  0.000348633425137978	  -0.00178295812916874	  0.000438439003742582	
  -0.108480609696127	  0.3037019351948	  0.567258925537904	  0	  0.000124199724994585	  -0.000490861005939615	  0.000157649489151931	  0.00331575967816789	
  0	  0	  0	  0	  0	  0	  0	  0	
  -0.000181542563796234	  0.00364101577413841	  0.000124199724994585	  0	  1.75953732649007e-05	  -3.90585613309524e-06	  -1.0060610912544e-06	  -4.49203385983194e-07	
  0.00677766474509094	  0.000348633425137978	  -0.000490861005939615	  0	  -3.90585613309524e-06	  7.90589133557131e-05	  -3.18892127073355e-06	  -8.32253959769209e-07	
  -0.00041898369894426	  -0.00178295812916874	  0.000157649489151931	  0	  -1.0060610912544e-06	  -3.18892127073355e-06	  6.87153458803481e-06	  2.09083617177933e-07	
  -0.00035854152201553	  0.000438439003742582	  0.00331575967816789	  0	  -4.49203385983194e-07	  -8.32253959769209e-07	  2.09083617177933e-07	  2.91116025458213e-05	
+++ Normalization Integrals +++
  dalitz
100000	59193
2
dalitz::s1::R12
dalitz::s1::R13
(2.91667992902948,0)	(0.238544447581984,0.0762983000962983)	
(0.238544447581984,-0.0762983000962983)	(2.58750838444099,0)	
(1.17508674234845,0)	(0.0944252735912845,0.0819906949981652)	
(0.0944252735912845,-0.0819906949981652)	(1.62737391735207,0)	
+++ Below these two lines is a config file that is   +++
+++ functionally equivalent to that used in the fit. +++
### FIT CONFIGURATION ###
fit dalitz3
reaction dalitz p1 p2 p3
sum dalitz::s1
amplitude dalitz::s1::R12 BreitWigner [M12] [G12] 1 2
amplitude dalitz::s1::R13 BreitWigner [M13] [G13] 1 3
parameter M12 1
parameter G12 0.2
parameter M13 1.5
parameter G13 0.15
scale dalitz::s1::R12 1.0
scale dalitz::s1::R13 1.0
initialize dalitz::s1::R12 cartesian 1 0
initialize dalitz::s1::R13 cartesian 1 0 real
data dalitz DalitzDataReader physics.acc.root
genmc dalitz DalitzDataReader phasespace.gen.root
accmc dalitz DalitzDataReader phasespace.acc.root
normintfile dalitz dalitz3.ni
